14759
18610
11287
28670
22357
12233
6339
3129
31343
19053
17263
18120
26411
18890
20042
5573
24231
30104
10366
2691
6054
27426
25467
18064
17739
21841
32233
8212
10148
24290
12158
23876
17844
26415
14630
10148
783
26478
3778
21627
28855
27807
19402
2996
30352
26253
22048
20815
2852
6882
18519
32064
26571
25128
21216
17656
15412
11239
3712
20337
343
21283
25309
4178
8380
2326
20891
18106
11632
26503
8613
24197
31789
32637
14783
25157
6137
30123
32492
9373
18839
20469
19847
14158
16982
20168
12711
20871
14006
15394
29189
13824
27964
9335
5212
7787
22345
9603
18294
14443
2522
5960
25715
13090
21180
9522
7071
14656
8033
726
14758
13941
5838
26569
12512
4327
18473
31918
26606
6475
199
27427
9869
951
29683
17766
12770
4636
5476
11566
3826
28265
5662
21963
23716
3234
31287
26581
17770
8979
28380
23329
24197
9600
15765
29324
24855
21469
18314
25341
